# unix_time, cycles_done, cur_path, paths_total, pending_total, pending_favs, map_size, unique_crashes, unique_hangs, max_depth, execs_per_sec
1728234801, 0, 0, 1, 1, 1, 0.01%, 0, 0, 1, 2000.00
1728234806, 23, 3, 4, 0, 0, 0.01%, 1, 0, 3, 4254.81
1728234811, 58, 0, 4, 0, 0, 0.01%, 1, 0, 3, 6635.92
1728234817, 93, 0, 4, 0, 0, 0.01%, 1, 0, 3, 7213.21
1728234822, 127, 2, 4, 0, 0, 0.01%, 1, 0, 3, 7239.95
1728234827, 162, 0, 4, 0, 0, 0.01%, 1, 0, 3, 7290.08
1728234832, 196, 3, 4, 0, 0, 0.01%, 1, 0, 3, 7347.13
1728234837, 231, 1, 4, 0, 0, 0.01%, 1, 0, 3, 7318.65
1728234842, 266, 0, 4, 0, 0, 0.01%, 1, 0, 3, 7362.89
1728234847, 300, 2, 4, 0, 0, 0.01%, 1, 0, 3, 7317.28
1728234853, 335, 0, 4, 0, 0, 0.01%, 1, 0, 3, 7308.96
1728234858, 369, 2, 4, 0, 0, 0.01%, 1, 0, 3, 7289.30
1728234863, 404, 1, 4, 0, 0, 0.01%, 1, 0, 3, 7301.07
